enter number of city
20
enter the road
0 1 2 3 4 5 6 7 8 9 0 1 2 3 4 5 6 7 8 9 city 1
0 1 0 0 1 1 0 0 0 0 0 0 0 0 0 0 0 0 0 0
city 2
0 1 2 3 4 5 6 7 8 9 0 1 2 3 4 5 6 7 8 9
1 0 1 0 0 0 0 1 0 0 0 0 0 0 0 0 0 0 0 0
city 3
0 1 2 3 4 5 6 7 8 9 0 1 2 3 4 5 6 7 8 9
0 1 0 1 0 0 0 0 0 1 0 0 0 0 0 0 0 0 0 0
city 4
0 1 2 3 4 5 6 7 8 9 0 1 2 3 4 5 6 7 8 9
0 0 1 0 1 0 0 0 0 0 0 1 0 0 0 0 0 0 0 0
city 5
0 1 2 3 4 5 6 7 8 9 0 1 2 3 4 5 6 7 8 9
1 0 0 1 0 0 0 0 0 0 0 0 0 1 0 0 0 0 0 0
city 6
0 1 2 3 4 5 6 7 8 9 0 1 2 3 4 5 6 7 8 9
1 0 0 0 0 0 1 0 0 0 0 0 0 0 1 0 0 0 0 0
city 7
0 1 2 3 4 5 6 7 8 9 0 1 2 3 4 5 6 7 8 9
0 0 0 0 0 1 0 1 0 0 0 0 0 0 0 1 0 0 0 0
city 8
0 1 2 3 4 5 6 7 8 9 0 1 2 3 4 5 6 7 8 9
0 1 0 0 0 0 1 0 1 0 0 0 0 0 0 0 0 0 0 0
city 9
0 1 2 3 4 5 6 7 8 9 0 1 2 3 4 5 6 7 8 9
0 0 0 0 0 0 0 1 0 1 0 0 0 0 0 0 1 0 0 0
city 10
0 1 2 3 4 5 6 7 8 9 0 1 2 3 4 5 6 7 8 9
0 0 1 0 0 0 0 0 1 0 1 0 0 0 0 0 0 0 0 0
city 11
0 1 2 3 4 5 6 7 8 9 0 1 2 3 4 5 6 7 8 9
0 0 0 0 0 0 0 0 0 1 0 1 0 0 0 0 0 1 0 0
city 12
0 1 2 3 4 5 6 7 8 9 0 1 2 3 4 5 6 7 8 9
0 0 0 1 0 0 0 0 0 0 1 0 1 0 0 0 0 0 0 0
city 13
0 1 2 3 4 5 6 7 8 9 0 1 2 3 4 5 6 7 8 9
0 0 0 0 0 0 0 0 0 0 0 1 0 1 0 0 0 0 1 0
city 14
0 1 2 3 4 5 6 7 8 9 0 1 2 3 4 5 6 7 8 9
0 0 0 0 1 0 0 0 0 0 0 0 1 0 1 0 0 0 0 0
city 15
0 1 2 3 4 5 6 7 8 9 0 1 2 3 4 5 6 7 8 9
0 0 0 0 0 1 0 0 0 0 0 0 0 1 0 0 0 0 0 1
city 16
0 1 2 3 4 5 6 7 8 9 0 1 2 3 4 5 6 7 8 9
0 0 0 0 0 0 1 0 0 0 0 0 0 0 0 0 1 0 0 1
city 17
0 1 2 3 4 5 6 7 8 9 0 1 2 3 4 5 6 7 8 9
0 0 0 0 0 0 0 0 1 0 0 0 0 0 0 1 0 1 0 0
city 18
0 1 2 3 4 5 6 7 8 9 0 1 2 3 4 5 6 7 8 9
0 0 0 0 0 0 0 0 0 0 1 0 0 0 0 0 1 0 1 0
city 19
0 1 2 3 4 5 6 7 8 9 0 1 2 3 4 5 6 7 8 9
0 0 0 0 0 0 0 0 0 0 0 0 1 0 0 0 0 1 0 1
city 20
0 1 2 3 4 5 6 7 8 9 0 1 2 3 4 5 6 7 8 9
0 0 0 0 0 0 0 0 0 0 0 0 0 0 1 1 0 0 1 0
-------------------------------------------------------------------
0 1 0 0 1 1 0 0 0 0 0 0 0 0 0 0 0 0 0 0
1 0 1 0 0 0 0 1 0 0 0 0 0 0 0 0 0 0 0 0
0 1 0 1 0 0 0 0 0 1 0 0 0 0 0 0 0 0 0 0
0 0 1 0 1 0 0 0 0 0 0 1 0 0 0 0 0 0 0 0
1 0 0 1 0 0 0 0 0 0 0 0 0 1 0 0 0 0 0 0
1 0 0 0 0 0 1 0 0 0 0 0 0 0 1 0 0 0 0 0
0 0 0 0 0 1 0 1 0 0 0 0 0 0 0 1 0 0 0 0
0 1 0 0 0 0 1 0 1 0 0 0 0 0 0 0 0 0 0 0
0 0 0 0 0 0 0 1 0 1 0 0 0 0 0 0 1 0 0 0
0 0 1 0 0 0 0 0 1 0 1 0 0 0 0 0 0 0 0 0
0 0 0 0 0 0 0 0 0 1 0 1 0 0 0 0 0 1 0 0
0 0 0 1 0 0 0 0 0 0 1 0 1 0 0 0 0 0 0 0
0 0 0 0 0 0 0 0 0 0 0 1 0 1 0 0 0 0 1 0
0 0 0 0 1 0 0 0 0 0 0 0 1 0 1 0 0 0 0 0
0 0 0 0 0 1 0 0 0 0 0 0 0 1 0 0 0 0 0 1
0 0 0 0 0 0 1 0 0 0 0 0 0 0 0 0 1 0 0 1
0 0 0 0 0 0 0 0 1 0 0 0 0 0 0 1 0 1 0 0
0 0 0 0 0 0 0 0 0 0 1 0 0 0 0 0 1 0 1 0
0 0 0 0 0 0 0 0 0 0 0 0 1 0 0 0 0 1 0 1
0 0 0 0 0 0 0 0 0 0 0 0 0 0 1 1 0 0 1 0
